# x	y	u	v	flags	mask
2.4865e-01	3.5433e+00	-6.2220e-02	-2.7081e+00	0.0000e+00	0.0000e+00
4.6622e-01	3.5433e+00	-3.1337e-01	-2.9832e+00	0.0000e+00	0.0000e+00
6.8380e-01	3.5433e+00	-1.2778e-01	-3.1619e+00	0.0000e+00	0.0000e+00
9.0137e-01	3.5433e+00	-1.1730e-01	-3.1755e+00	0.0000e+00	0.0000e+00
1.1189e+00	3.5433e+00	-8.4765e-02	-3.1418e+00	0.0000e+00	0.0000e+00
1.3365e+00	3.5433e+00	-1.3276e-01	-3.1125e+00	0.0000e+00	0.0000e+00
1.5541e+00	3.5433e+00	1.4590e-01	-2.9970e+00	1.0000e+00	0.0000e+00
1.7717e+00	3.5433e+00	2.0253e-01	-2.9902e+00	0.0000e+00	0.0000e+00
1.9892e+00	3.5433e+00	3.4596e-01	-3.1062e+00	0.0000e+00	0.0000e+00
2.2068e+00	3.5433e+00	3.6158e-01	-3.0729e+00	0.0000e+00	0.0000e+00
2.4244e+00	3.5433e+00	5.2756e-01	-2.9881e+00	0.0000e+00	0.0000e+00
2.6419e+00	3.5433e+00	-2.8697e-02	-2.5261e+00	0.0000e+00	0.0000e+00
2.8595e+00	3.5433e+00	-1.5463e-01	-2.5530e+00	0.0000e+00	0.0000e+00
3.0771e+00	3.5433e+00	-4.5643e-02	-3.1365e+00	0.0000e+00	0.0000e+00
3.2947e+00	3.5433e+00	-4.9800e-02	-3.0884e+00	0.0000e+00	0.0000e+00
3.5122e+00	3.5433e+00	-6.8026e-02	-3.0997e+00	0.0000e+00	0.0000e+00
3.7298e+00	3.5433e+00	-1.6860e-01	-3.0043e+00	0.0000e+00	0.0000e+00
3.9474e+00	3.5433e+00	-1.1114e-01	-2.9422e+00	0.0000e+00	0.0000e+00
4.1649e+00	3.5433e+00	-5.3628e-02	-3.0525e+00	0.0000e+00	0.0000e+00
4.3825e+00	3.5433e+00	-1.7277e-01	-2.6864e+00	0.0000e+00	0.0000e+00
4.6001e+00	3.5433e+00	-9.7296e-02	-2.7176e+00	0.0000e+00	0.0000e+00
4.8177e+00	3.5433e+00	6.4170e-02	-3.1274e+00	0.0000e+00	0.0000e+00
5.0352e+00	3.5433e+00	-6.8458e-01	-2.8122e+00	0.0000e+00	0.0000e+00
2.4865e-01	3.3257e+00	-7.4502e-02	-2.7670e+00	0.0000e+00	0.0000e+00
4.6622e-01	3.3257e+00	-2.9465e-01	-2.9532e+00	0.0000e+00	0.0000e+00
6.8380e-01	3.3257e+00	-3.7536e-02	-3.1973e+00	0.0000e+00	0.0000e+00
9.0137e-01	3.3257e+00	2.0195e-02	-3.1835e+00	0.0000e+00	0.0000e+00
1.1189e+00	3.3257e+00	1.0454e-02	-3.0921e+00	0.0000e+00	0.0000e+00
1.3365e+00	3.3257e+00	3.4946e-01	-3.0319e+00	0.0000e+00	0.0000e+00
1.5541e+00	3.3257e+00	2.1184e-01	-2.9729e+00	0.0000e+00	0.0000e+00
1.7717e+00	3.3257e+00	1.9965e-01	-3.0407e+00	0.0000e+00	0.0000e+00
1.9892e+00	3.3257e+00	3.0590e-01	-3.1495e+00	0.0000e+00	0.0000e+00
2.2068e+00	3.3257e+00	1.1135e-01	-3.1266e+00	0.0000e+00	0.0000e+00
2.4244e+00	3.3257e+00	1.8890e-01	-2.9799e+00	0.0000e+00	0.0000e+00
2.6419e+00	3.3257e+00	-2.2423e-01	-2.4832e+00	0.0000e+00	0.0000e+00
2.8595e+00	3.3257e+00	-3.1967e-01	-2.5041e+00	0.0000e+00	0.0000e+00
3.0771e+00	3.3257e+00	-1.0143e-01	-2.8548e+00	0.0000e+00	0.0000e+00
3.2947e+00	3.3257e+00	-5.5213e-02	-2.7723e+00	0.0000e+00	0.0000e+00
3.5122e+00	3.3257e+00	1.2594e-01	-3.0260e+00	0.0000e+00	0.0000e+00
3.7298e+00	3.3257e+00	6.8447e-02	-3.1450e+00	0.0000e+00	0.0000e+00
3.9474e+00	3.3257e+00	-1.4436e-01	-2.9653e+00	0.0000e+00	0.0000e+00
4.1649e+00	3.3257e+00	-1.2617e-01	-2.9442e+00	0.0000e+00	0.0000e+00
4.3825e+00	3.3257e+00	-1.1529e-01	-2.6854e+00	0.0000e+00	0.0000e+00
4.6001e+00	3.3257e+00	-1.4876e-01	-2.9605e+00	1.0000e+00	0.0000e+00
4.8177e+00	3.3257e+00	6.2393e-02	-3.2575e+00	0.0000e+00	0.0000e+00
5.0352e+00	3.3257e+00	-3.1150e-01	-3.1898e+00	0.0000e+00	0.0000e+00
2.4865e-01	3.1082e+00	-3.8710e-01	-2.7085e+00	0.0000e+00	0.0000e+00
4.6622e-01	3.1082e+00	-4.9748e-01	-2.9671e+00	0.0000e+00	0.0000e+00
6.8380e-01	3.1082e+00	-4.3304e-01	-3.1024e+00	0.0000e+00	0.0000e+00
9.0137e-01	3.1082e+00	2.2224e-02	-3.2482e+00	0.0000e+00	0.0000e+00
1.1189e+00	3.1082e+00	3.0612e-02	-3.1449e+00	0.0000e+00	0.0000e+00
1.3365e+00	3.1082e+00	1.2338e-01	-3.0843e+00	0.0000e+00	0.0000e+00
1.5541e+00	3.1082e+00	2.4316e-01	-2.9044e+00	0.0000e+00	0.0000e+00
1.7717e+00	3.1082e+00	3.5774e-01	-2.5970e+00	0.0000e+00	0.0000e+00
1.9892e+00	3.1082e+00	4.4494e-01	-2.8944e+00	0.0000e+00	0.0000e+00
2.2068e+00	3.1082e+00	-2.0840e-01	-3.0034e+00	0.0000e+00	0.0000e+00
2.4244e+00	3.1082e+00	-2.0541e-01	-2.7781e+00	0.0000e+00	0.0000e+00
2.6419e+00	3.1082e+00	-2.9563e-01	-2.5519e+00	0.0000e+00	0.0000e+00
2.8595e+00	3.1082e+00	-4.2365e-01	-2.5265e+00	0.0000e+00	0.0000e+00
3.0771e+00	3.1082e+00	-2.8341e-01	-2.6731e+00	0.0000e+00	0.0000e+00
3.2947e+00	3.1082e+00	-1.4389e-01	-2.6348e+00	0.0000e+00	0.0000e+00
3.5122e+00	3.1082e+00	-1.8447e-01	-2.7339e+00	0.0000e+00	0.0000e+00
3.7298e+00	3.1082e+00	4.5053e-02	-3.0790e+00	0.0000e+00	0.0000e+00
3.9474e+00	3.1082e+00	-3.6111e-02	-3.0426e+00	0.0000e+00	0.0000e+00
4.1649e+00	3.1082e+00	-1.6015e-01	-2.9175e+00	1.0000e+00	0.0000e+00
4.3825e+00	3.1082e+00	-2.0977e-01	-2.6473e+00	0.0000e+00	0.0000e+00
4.6001e+00	3.1082e+00	-1.7528e-01	-2.9279e+00	1.0000e+00	0.0000e+00
4.8177e+00	3.1082e+00	-1.8226e-01	-3.5276e+00	0.0000e+00	0.0000e+00
5.0352e+00	3.1082e+00	-7.2180e-02	-3.5279e+00	0.0000e+00	0.0000e+00
2.4865e-01	2.8906e+00	4.2178e-02	-2.6642e+00	0.0000e+00	0.0000e+00
4.6622e-01	2.8906e+00	-4.0283e-01	-2.9169e+00	0.0000e+00	0.0000e+00
6.8380e-01	2.8906e+00	-4.6152e-01	-2.9772e+00	0.0000e+00	0.0000e+00
9.0137e-01	2.8906e+00	5.1252e-02	-2.7957e+00	0.0000e+00	0.0000e+00
1.1189e+00	2.8906e+00	1.6352e-01	-2.8463e+00	0.0000e+00	0.0000e+00
1.3365e+00	2.8906e+00	2.3869e-01	-2.6886e+00	0.0000e+00	0.0000e+00
1.5541e+00	2.8906e+00	4.1984e-01	-2.6255e+00	0.0000e+00	0.0000e+00
1.7717e+00	2.8906e+00	4.6760e-01	-2.6421e+00	0.0000e+00	0.0000e+00
1.9892e+00	2.8906e+00	1.0471e-01	-3.1887e+00	0.0000e+00	0.0000e+00
2.2068e+00	2.8906e+00	-3.0399e-01	-3.0598e+00	0.0000e+00	0.0000e+00
2.4244e+00	2.8906e+00	-2.4671e-02	-2.8577e+00	1.0000e+00	0.0000e+00
2.6419e+00	2.8906e+00	-1.2735e-01	-2.7791e+00	0.0000e+00	0.0000e+00
2.8595e+00	2.8906e+00	-5.8794e-02	-2.6093e+00	0.0000e+00	0.0000e+00
3.0771e+00	2.8906e+00	-1.9411e-01	-2.5710e+00	0.0000e+00	0.0000e+00
3.2947e+00	2.8906e+00	-2.8267e-01	-2.7193e+00	0.0000e+00	0.0000e+00
3.5122e+00	2.8906e+00	-2.8837e-01	-2.9507e+00	0.0000e+00	0.0000e+00
3.7298e+00	2.8906e+00	-1.8367e-01	-2.9609e+00	0.0000e+00	0.0000e+00
3.9474e+00	2.8906e+00	-1.5622e-01	-3.1465e+00	0.0000e+00	0.0000e+00
4.1649e+00	2.8906e+00	-1.8048e-01	-3.1294e+00	0.0000e+00	0.0000e+00
4.3825e+00	2.8906e+00	6.5000e-02	-2.6139e+00	0.0000e+00	0.0000e+00
4.6001e+00	2.8906e+00	-1.2578e-01	-2.7685e+00	0.0000e+00	0.0000e+00
4.8177e+00	2.8906e+00	-3.6636e-01	-3.1539e+00	0.0000e+00	0.0000e+00
5.0352e+00	2.8906e+00	-1.1346e-01	-3.1731e+00	0.0000e+00	0.0000e+00
2.4865e-01	2.6730e+00	-1.1374e-01	-2.8870e+00	1.0000e+00	0.0000e+00
4.6622e-01	2.6730e+00	-2.9002e-02	-2.9970e+00	0.0000e+00	0.0000e+00
6.8380e-01	2.6730e+00	5.6580e-02	-2.8350e+00	0.0000e+00	0.0000e+00
9.0137e-01	2.6730e+00	1.3924e-01	-2.6957e+00	0.0000e+00	0.0000e+00
1.1189e+00	2.6730e+00	3.4636e-01	-2.6190e+00	0.0000e+00	0.0000e+00
1.3365e+00	2.6730e+00	3.8944e-01	-2.6304e+00	0.0000e+00	0.0000e+00
1.5541e+00	2.6730e+00	2.9924e-01	-2.5664e+00	0.0000e+00	0.0000e+00
1.7717e+00	2.6730e+00	2.0829e-01	-2.6584e+00	0.0000e+00	0.0000e+00
1.9892e+00	2.6730e+00	3.2818e-02	-3.2633e+00	0.0000e+00	0.0000e+00
2.2068e+00	2.6730e+00	4.6844e-02	-3.1169e+00	0.0000e+00	0.0000e+00
2.4244e+00	2.6730e+00	-3.1473e-02	-2.9369e+00	0.0000e+00	0.0000e+00
2.6419e+00	2.6730e+00	-2.0403e-01	-2.8294e+00	0.0000e+00	0.0000e+00
2.8595e+00	2.6730e+00	-2.4003e-01	-2.5762e+00	0.0000e+00	0.0000e+00
3.0771e+00	2.6730e+00	-1.8790e-01	-2.5158e+00	0.0000e+00	0.0000e+00
3.2947e+00	2.6730e+00	-2.7513e-01	-2.6012e+00	0.0000e+00	0.0000e+00
3.5122e+00	2.6730e+00	-4.2680e-01	-2.8518e+00	0.0000e+00	0.0000e+00
3.7298e+00	2.6730e+00	-5.4747e-01	-2.9984e+00	0.0000e+00	0.0000e+00
3.9474e+00	2.6730e+00	-3.6588e-01	-3.0125e+00	0.0000e+00	0.0000e+00
4.1649e+00	2.6730e+00	-1.9831e-02	-2.7541e+00	0.0000e+00	0.0000e+00
4.3825e+00	2.6730e+00	1.4597e-02	-2.6711e+00	0.0000e+00	0.0000e+00
4.6001e+00	2.6730e+00	-2.3843e-01	-2.8555e+00	0.0000e+00	0.0000e+00
4.8177e+00	2.6730e+00	-1.4082e-01	-2.8454e+00	1.0000e+00	0.0000e+00
5.0352e+00	2.6730e+00	-1.6430e-01	-2.7507e+00	0.0000e+00	0.0000e+00
2.4865e-01	2.4554e+00	-1.5481e-01	-2.6332e+00	0.0000e+00	0.0000e+00
4.6622e-01	2.4554e+00	1.7032e-02	-3.0076e+00	0.0000e+00	0.0000e+00
6.8380e-01	2.4554e+00	4.1724e-03	-3.0661e+00	0.0000e+00	0.0000e+00
9.0137e-01	2.4554e+00	1.6585e-01	-2.9992e+00	0.0000e+00	0.0000e+00
1.1189e+00	2.4554e+00	3.8743e-01	-2.7492e+00	0.0000e+00	0.0000e+00
1.3365e+00	2.4554e+00	2.7498e-01	-2.8723e+00	0.0000e+00	0.0000e+00
1.5541e+00	2.4554e+00	9.2056e-02	-2.9605e+00	0.0000e+00	0.0000e+00
1.7717e+00	2.4554e+00	-3.0986e-01	-3.2341e+00	0.0000e+00	0.0000e+00
1.9892e+00	2.4554e+00	-6.5547e-02	-3.3122e+00	0.0000e+00	0.0000e+00
2.2068e+00	2.4554e+00	-9.8878e-03	-3.2175e+00	0.0000e+00	0.0000e+00
2.4244e+00	2.4554e+00	-9.3503e-02	-3.1553e+00	0.0000e+00	0.0000e+00
2.6419e+00	2.4554e+00	-1.2289e-01	-2.7718e+00	1.0000e+00	0.0000e+00
2.8595e+00	2.4554e+00	-7.1792e-02	-2.5305e+00	0.0000e+00	0.0000e+00
3.0771e+00	2.4554e+00	1.3605e-02	-2.4350e+00	0.0000e+00	0.0000e+00
3.2947e+00	2.4554e+00	-2.2141e-01	-2.4537e+00	0.0000e+00	0.0000e+00
3.5122e+00	2.4554e+00	-7.3741e-02	-2.8190e+00	0.0000e+00	0.0000e+00
3.7298e+00	2.4554e+00	-2.5431e-01	-2.6895e+00	1.0000e+00	0.0000e+00
3.9474e+00	2.4554e+00	-4.2547e-01	-2.7295e+00	0.0000e+00	0.0000e+00
4.1649e+00	2.4554e+00	-4.5785e-01	-2.7757e+00	0.0000e+00	0.0000e+00
4.3825e+00	2.4554e+00	-4.1974e-01	-2.9257e+00	0.0000e+00	0.0000e+00
4.6001e+00	2.4554e+00	-1.8155e-01	-2.6758e+00	0.0000e+00	0.0000e+00
4.8177e+00	2.4554e+00	-1.6529e-01	-2.7118e+00	0.0000e+00	0.0000e+00
5.0352e+00	2.4554e+00	-1.9767e-01	-2.7688e+00	0.0000e+00	0.0000e+00
2.4865e-01	2.2379e+00	-1.3571e-01	-2.7629e+00	1.0000e+00	0.0000e+00
4.6622e-01	2.2379e+00	-7.1748e-02	-2.7582e+00	1.0000e+00	0.0000e+00
6.8380e-01	2.2379e+00	1.4186e-01	-3.0774e+00	0.0000e+00	0.0000e+00
9.0137e-01	2.2379e+00	6.8953e-02	-2.8371e+00	0.0000e+00	0.0000e+00
1.1189e+00	2.2379e+00	1.5479e-01	-2.7762e+00	0.0000e+00	0.0000e+00
1.3365e+00	2.2379e+00	7.3152e-02	-2.6811e+00	0.0000e+00	0.0000e+00
1.5541e+00	2.2379e+00	-5.2474e-02	-3.0290e+00	0.0000e+00	0.0000e+00
1.7717e+00	2.2379e+00	-4.3158e-01	-3.1624e+00	0.0000e+00	0.0000e+00
1.9892e+00	2.2379e+00	-2.1290e-01	-3.1389e+00	0.0000e+00	0.0000e+00
2.2068e+00	2.2379e+00	-4.9730e-02	-3.1441e+00	0.0000e+00	0.0000e+00
2.4244e+00	2.2379e+00	9.5301e-02	-3.0887e+00	0.0000e+00	0.0000e+00
2.6419e+00	2.2379e+00	-1.1464e-01	-2.7676e+00	1.0000e+00	0.0000e+00
2.8595e+00	2.2379e+00	1.1766e-01	-2.4183e+00	0.0000e+00	0.0000e+00
3.0771e+00	2.2379e+00	-1.9202e-01	-2.5045e+00	0.0000e+00	0.0000e+00
3.2947e+00	2.2379e+00	-4.0716e-01	-2.4699e+00	0.0000e+00	0.0000e+00
3.5122e+00	2.2379e+00	-4.0944e-01	-2.4881e+00	0.0000e+00	0.0000e+00
3.7298e+00	2.2379e+00	-3.3342e-01	-2.7326e+00	0.0000e+00	0.0000e+00
3.9474e+00	2.2379e+00	-2.1908e-01	-2.8081e+00	0.0000e+00	0.0000e+00
4.1649e+00	2.2379e+00	-1.9204e-01	-2.8683e+00	0.0000e+00	0.0000e+00
4.3825e+00	2.2379e+00	-1.8347e-01	-2.7101e+00	1.0000e+00	0.0000e+00
4.6001e+00	2.2379e+00	-1.9769e-02	-2.5504e+00	0.0000e+00	0.0000e+00
4.8177e+00	2.2379e+00	-8.6141e-02	-2.6045e+00	0.0000e+00	0.0000e+00
5.0352e+00	2.2379e+00	-7.0899e-02	-2.6886e+00	0.0000e+00	0.0000e+00
2.4865e-01	2.0203e+00	-5.6487e-01	-2.4449e+00	0.0000e+00	0.0000e+00
4.6622e-01	2.0203e+00	-2.8927e-01	-2.8892e+00	0.0000e+00	0.0000e+00
6.8380e-01	2.0203e+00	-3.5910e-02	-2.7376e+00	1.0000e+00	0.0000e+00
9.0137e-01	2.0203e+00	7.8581e-02	-2.7236e+00	0.0000e+00	0.0000e+00
1.1189e+00	2.0203e+00	9.7694e-02	-2.6749e+00	0.0000e+00	0.0000e+00
1.3365e+00	2.0203e+00	-9.5735e-02	-2.7996e+00	0.0000e+00	0.0000e+00
1.5541e+00	2.0203e+00	-1.5425e-01	-3.0637e+00	0.0000e+00	0.0000e+00
1.7717e+00	2.0203e+00	-3.4960e-02	-3.1355e+00	0.0000e+00	0.0000e+00
1.9892e+00	2.0203e+00	7.2507e-03	-2.6803e+00	0.0000e+00	0.0000e+00
2.2068e+00	2.0203e+00	-7.4604e-02	-2.8661e+00	0.0000e+00	0.0000e+00
2.4244e+00	2.0203e+00	8.7060e-02	-3.0169e+00	0.0000e+00	0.0000e+00
2.6419e+00	2.0203e+00	-8.0280e-02	-2.7305e+00	1.0000e+00	0.0000e+00
2.8595e+00	2.0203e+00	9.4466e-02	-2.4884e+00	0.0000e+00	0.0000e+00
3.0771e+00	2.0203e+00	-3.6372e-01	-2.5698e+00	0.0000e+00	0.0000e+00
3.2947e+00	2.0203e+00	-4.0120e-01	-2.4923e+00	0.0000e+00	0.0000e+00
3.5122e+00	2.0203e+00	-4.8241e-01	-2.4477e+00	0.0000e+00	0.0000e+00
3.7298e+00	2.0203e+00	-4.3483e-01	-2.4968e+00	0.0000e+00	0.0000e+00
3.9474e+00	2.0203e+00	-3.1754e-01	-2.5618e+00	0.0000e+00	0.0000e+00
4.1649e+00	2.0203e+00	-2.9593e-01	-2.6088e+00	0.0000e+00	0.0000e+00
4.3825e+00	2.0203e+00	-3.4742e-02	-2.6769e+00	0.0000e+00	0.0000e+00
4.6001e+00	2.0203e+00	-1.9277e-02	-2.6047e+00	0.0000e+00	0.0000e+00
4.8177e+00	2.0203e+00	2.3455e-02	-2.5527e+00	0.0000e+00	0.0000e+00
5.0352e+00	2.0203e+00	7.7939e-02	-2.5513e+00	0.0000e+00	0.0000e+00
2.4865e-01	1.8027e+00	-5.4923e-01	-2.4670e+00	0.0000e+00	0.0000e+00
4.6622e-01	1.8027e+00	-3.8640e-01	-2.6483e+00	0.0000e+00	0.0000e+00
6.8380e-01	1.8027e+00	-1.4722e-01	-2.6824e+00	0.0000e+00	0.0000e+00
9.0137e-01	1.8027e+00	1.1412e-01	-2.6935e+00	0.0000e+00	0.0000e+00
1.1189e+00	1.8027e+00	1.1192e-01	-2.7610e+00	0.0000e+00	0.0000e+00
1.3365e+00	1.8027e+00	-1.8818e-02	-2.8437e+00	0.0000e+00	0.0000e+00
1.5541e+00	1.8027e+00	-7.2195e-02	-3.1209e+00	0.0000e+00	0.0000e+00
1.7717e+00	1.8027e+00	4.1039e-02	-3.0521e+00	0.0000e+00	0.0000e+00
1.9892e+00	1.8027e+00	5.0559e-02	-2.7229e+00	0.0000e+00	0.0000e+00
2.2068e+00	1.8027e+00	5.7048e-03	-2.8306e+00	0.0000e+00	0.0000e+00
2.4244e+00	1.8027e+00	1.1966e-02	-2.9576e+00	0.0000e+00	0.0000e+00
2.6419e+00	1.8027e+00	-6.4314e-02	-2.6865e+00	1.0000e+00	0.0000e+00
2.8595e+00	1.8027e+00	-1.9630e-01	-2.6465e+00	0.0000e+00	0.0000e+00
3.0771e+00	1.8027e+00	-4.5994e-01	-2.5681e+00	0.0000e+00	0.0000e+00
3.2947e+00	1.8027e+00	-4.4192e-01	-2.4676e+00	0.0000e+00	0.0000e+00
3.5122e+00	1.8027e+00	-4.4707e-01	-2.4036e+00	0.0000e+00	0.0000e+00
3.7298e+00	1.8027e+00	-3.6007e-01	-2.3990e+00	0.0000e+00	0.0000e+00
3.9474e+00	1.8027e+00	-3.2588e-01	-2.3949e+00	0.0000e+00	0.0000e+00
4.1649e+00	1.8027e+00	-2.2800e-01	-2.4715e+00	0.0000e+00	0.0000e+00
4.3825e+00	1.8027e+00	-8.8270e-02	-2.5888e+00	0.0000e+00	0.0000e+00
4.6001e+00	1.8027e+00	-2.3403e-02	-2.6181e+00	0.0000e+00	0.0000e+00
4.8177e+00	1.8027e+00	-1.1356e-01	-2.6281e+00	1.0000e+00	0.0000e+00
5.0352e+00	1.8027e+00	-2.7954e-02	-2.5037e+00	0.0000e+00	0.0000e+00
2.4865e-01	1.5852e+00	-2.6832e-01	-2.3829e+00	0.0000e+00	0.0000e+00
4.6622e-01	1.5852e+00	-1.2777e-01	-2.5225e+00	0.0000e+00	0.0000e+00
6.8380e-01	1.5852e+00	-4.8594e-01	-2.6582e+00	0.0000e+00	0.0000e+00
9.0137e-01	1.5852e+00	-4.4629e-01	-2.5981e+00	0.0000e+00	0.0000e+00
1.1189e+00	1.5852e+00	2.7035e-02	-2.7451e+00	1.0000e+00	0.0000e+00
1.3365e+00	1.5852e+00	3.2959e-02	-2.7624e+00	1.0000e+00	0.0000e+00
1.5541e+00	1.5852e+00	-3.5131e-01	-2.9486e+00	0.0000e+00	0.0000e+00
1.7717e+00	1.5852e+00	-1.6524e-01	-2.8628e+00	0.0000e+00	0.0000e+00
1.9892e+00	1.5852e+00	-8.7492e-02	-2.7249e+00	0.0000e+00	0.0000e+00
2.2068e+00	1.5852e+00	-9.1296e-02	-2.7209e+00	0.0000e+00	0.0000e+00
2.4244e+00	1.5852e+00	-5.8978e-02	-2.9637e+00	0.0000e+00	0.0000e+00
2.6419e+00	1.5852e+00	-6.8127e-03	-2.8480e+00	0.0000e+00	0.0000e+00
2.8595e+00	1.5852e+00	-8.3150e-02	-2.5897e+00	0.0000e+00	0.0000e+00
3.0771e+00	1.5852e+00	-1.2161e-01	-2.4608e+00	0.0000e+00	0.0000e+00
3.2947e+00	1.5852e+00	-2.6214e-01	-2.5499e+00	0.0000e+00	0.0000e+00
3.5122e+00	1.5852e+00	-3.5404e-01	-2.6564e+00	0.0000e+00	0.0000e+00
3.7298e+00	1.5852e+00	-4.3127e-01	-2.6017e+00	0.0000e+00	0.0000e+00
3.9474e+00	1.5852e+00	-4.2077e-01	-2.6097e+00	0.0000e+00	0.0000e+00
4.1649e+00	1.5852e+00	-1.8884e-01	-2.6014e+00	1.0000e+00	0.0000e+00
4.3825e+00	1.5852e+00	-9.7143e-02	-2.5601e+00	0.0000e+00	0.0000e+00
4.6001e+00	1.5852e+00	-1.1719e-02	-2.5849e+00	0.0000e+00	0.0000e+00
4.8177e+00	1.5852e+00	2.5215e-02	-2.6034e+00	0.0000e+00	0.0000e+00
5.0352e+00	1.5852e+00	3.0509e-02	-2.5152e+00	0.0000e+00	0.0000e+00
2.4865e-01	1.3676e+00	6.2909e-01	-2.2673e+00	0.0000e+00	0.0000e+00
4.6622e-01	1.3676e+00	2.5014e-02	-2.5864e+00	0.0000e+00	0.0000e+00
6.8380e-01	1.3676e+00	-1.9564e-02	-2.7243e+00	0.0000e+00	0.0000e+00
9.0137e-01	1.3676e+00	-3.4617e-01	-2.6568e+00	0.0000e+00	0.0000e+00
1.1189e+00	1.3676e+00	-3.6948e-01	-2.6181e+00	0.0000e+00	0.0000e+00
1.3365e+00	1.3676e+00	-1.7769e-01	-3.1963e+00	0.0000e+00	0.0000e+00
1.5541e+00	1.3676e+00	-2.4060e-01	-2.5068e+00	0.0000e+00	0.0000e+00
1.7717e+00	1.3676e+00	6.4627e-02	-2.7123e+00	1.0000e+00	0.0000e+00
1.9892e+00	1.3676e+00	-7.3762e-02	-2.8080e+00	0.0000e+00	0.0000e+00
2.2068e+00	1.3676e+00	3.5630e-02	-2.5941e+00	0.0000e+00	0.0000e+00
2.4244e+00	1.3676e+00	3.6625e-01	-2.5822e+00	0.0000e+00	0.0000e+00
2.6419e+00	1.3676e+00	3.4963e-02	-2.9358e+00	0.0000e+00	0.0000e+00
2.8595e+00	1.3676e+00	2.4606e-01	-2.2155e+00	0.0000e+00	0.0000e+00
3.0771e+00	1.3676e+00	2.0538e-01	-2.2806e+00	0.0000e+00	0.0000e+00
3.2947e+00	1.3676e+00	-1.3445e-02	-2.5513e+00	0.0000e+00	0.0000e+00
3.5122e+00	1.3676e+00	-6.6018e-02	-2.6011e+00	0.0000e+00	0.0000e+00
3.7298e+00	1.3676e+00	-1.7703e-01	-2.6235e+00	0.0000e+00	0.0000e+00
3.9474e+00	1.3676e+00	-2.5441e-01	-2.6442e+00	0.0000e+00	0.0000e+00
4.1649e+00	1.3676e+00	-3.7013e-01	-2.6169e+00	0.0000e+00	0.0000e+00
4.3825e+00	1.3676e+00	-1.9375e-01	-2.6367e+00	0.0000e+00	0.0000e+00
4.6001e+00	1.3676e+00	-1.3610e-01	-2.6752e+00	0.0000e+00	0.0000e+00
4.8177e+00	1.3676e+00	-1.3084e-01	-2.7048e+00	0.0000e+00	0.0000e+00
5.0352e+00	1.3676e+00	-5.7845e-02	-2.3122e+00	0.0000e+00	0.0000e+00
2.4865e-01	1.1500e+00	5.3672e-01	-2.6218e+00	0.0000e+00	0.0000e+00
4.6622e-01	1.1500e+00	1.7050e-01	-2.6578e+00	0.0000e+00	0.0000e+00
6.8380e-01	1.1500e+00	-4.3860e-03	-2.7145e+00	0.0000e+00	0.0000e+00
9.0137e-01	1.1500e+00	1.4242e-01	-2.6307e+00	1.0000e+00	0.0000e+00
1.1189e+00	1.1500e+00	3.1846e-01	-2.5356e+00	0.0000e+00	0.0000e+00
1.3365e+00	1.1500e+00	4.5784e-01	-2.5787e+00	0.0000e+00	0.0000e+00
1.5541e+00	1.1500e+00	4.5249e-01	-2.3946e+00	0.0000e+00	0.0000e+00
1.7717e+00	1.1500e+00	3.9092e-01	-2.5895e+00	0.0000e+00	0.0000e+00
1.9892e+00	1.1500e+00	3.8412e-01	-2.9384e+00	0.0000e+00	0.0000e+00
2.2068e+00	1.1500e+00	1.5542e-01	-2.5944e+00	0.0000e+00	0.0000e+00
2.4244e+00	1.1500e+00	5.8791e-02	-2.6940e+00	0.0000e+00	0.0000e+00
2.6419e+00	1.1500e+00	-7.0803e-02	-2.6832e+00	0.0000e+00	0.0000e+00
2.8595e+00	1.1500e+00	-7.5387e-02	-2.1314e+00	0.0000e+00	0.0000e+00
3.0771e+00	1.1500e+00	-2.1443e-01	-2.2072e+00	0.0000e+00	0.0000e+00
3.2947e+00	1.1500e+00	-3.1432e-01	-2.4345e+00	0.0000e+00	0.0000e+00
3.5122e+00	1.1500e+00	-4.4646e-02	-2.6767e+00	0.0000e+00	0.0000e+00
3.7298e+00	1.1500e+00	-2.9087e-01	-2.6400e+00	0.0000e+00	0.0000e+00
3.9474e+00	1.1500e+00	-2.3752e-01	-2.5720e+00	0.0000e+00	0.0000e+00
4.1649e+00	1.1500e+00	-3.0456e-02	-2.6131e+00	0.0000e+00	0.0000e+00
4.3825e+00	1.1500e+00	-4.5391e-02	-2.6393e+00	0.0000e+00	0.0000e+00
4.6001e+00	1.1500e+00	1.5528e-02	-2.6240e+00	0.0000e+00	0.0000e+00
4.8177e+00	1.1500e+00	-1.0958e-02	-2.6717e+00	0.0000e+00	0.0000e+00
5.0352e+00	1.1500e+00	-7.0495e-02	-2.5416e+00	0.0000e+00	0.0000e+00
2.4865e-01	9.3245e-01	5.3776e-01	-2.7622e+00	0.0000e+00	0.0000e+00
4.6622e-01	9.3245e-01	4.7019e-01	-2.7563e+00	0.0000e+00	0.0000e+00
6.8380e-01	9.3245e-01	4.3823e-01	-2.7871e+00	0.0000e+00	0.0000e+00
9.0137e-01	9.3245e-01	3.5468e-01	-2.6170e+00	0.0000e+00	0.0000e+00
1.1189e+00	9.3245e-01	5.0036e-01	-2.4406e+00	0.0000e+00	0.0000e+00
1.3365e+00	9.3245e-01	5.0628e-01	-2.4462e+00	0.0000e+00	0.0000e+00
1.5541e+00	9.3245e-01	4.0603e-01	-2.5034e+00	0.0000e+00	0.0000e+00
1.7717e+00	9.3245e-01	2.0559e-01	-2.6186e+00	0.0000e+00	0.0000e+00
1.9892e+00	9.3245e-01	1.2383e-02	-2.6467e+00	0.0000e+00	0.0000e+00
2.2068e+00	9.3245e-01	-1.6089e-01	-2.5672e+00	0.0000e+00	0.0000e+00
2.4244e+00	9.3245e-01	-1.5722e-01	-2.6548e+00	0.0000e+00	0.0000e+00
2.6419e+00	9.3245e-01	-3.1464e-01	-2.5830e+00	0.0000e+00	0.0000e+00
2.8595e+00	9.3245e-01	-2.8714e-01	-2.4776e+00	0.0000e+00	0.0000e+00
3.0771e+00	9.3245e-01	-2.9469e-01	-2.4661e+00	0.0000e+00	0.0000e+00
3.2947e+00	9.3245e-01	-3.0042e-01	-2.4231e+00	0.0000e+00	0.0000e+00
3.5122e+00	9.3245e-01	-2.4282e-01	-2.6576e+00	0.0000e+00	0.0000e+00
3.7298e+00	9.3245e-01	-3.4295e-01	-2.5759e+00	0.0000e+00	0.0000e+00
3.9474e+00	9.3245e-01	-2.6158e-01	-2.5796e+00	0.0000e+00	0.0000e+00
4.1649e+00	9.3245e-01	-1.8301e-01	-2.6368e+00	0.0000e+00	0.0000e+00
4.3825e+00	9.3245e-01	-3.0270e-02	-2.5487e+00	0.0000e+00	0.0000e+00
4.6001e+00	9.3245e-01	-4.6120e-02	-2.5373e+00	0.0000e+00	0.0000e+00
4.8177e+00	9.3245e-01	-1.0630e-01	-2.5644e+00	0.0000e+00	0.0000e+00
5.0352e+00	9.3245e-01	-4.0318e-02	-2.5473e+00	0.0000e+00	0.0000e+00
2.4865e-01	7.1488e-01	8.0045e-01	-2.6189e+00	0.0000e+00	0.0000e+00
4.6622e-01	7.1488e-01	4.0398e-01	-2.7232e+00	0.0000e+00	0.0000e+00
6.8380e-01	7.1488e-01	4.2213e-01	-2.6560e+00	0.0000e+00	0.0000e+00
9.0137e-01	7.1488e-01	2.9757e-01	-2.4401e+00	0.0000e+00	0.0000e+00
1.1189e+00	7.1488e-01	4.5159e-01	-2.3135e+00	0.0000e+00	0.0000e+00
1.3365e+00	7.1488e-01	2.9276e-03	-2.5225e+00	0.0000e+00	0.0000e+00
1.5541e+00	7.1488e-01	1.3740e-01	-2.5423e+00	0.0000e+00	0.0000e+00
1.7717e+00	7.1488e-01	1.9007e-01	-2.5110e+00	0.0000e+00	0.0000e+00
1.9892e+00	7.1488e-01	7.3277e-02	-2.5735e+00	1.0000e+00	0.0000e+00
2.2068e+00	7.1488e-01	-3.1089e-02	-2.4528e+00	0.0000e+00	0.0000e+00
2.4244e+00	7.1488e-01	-6.3683e-02	-2.5045e+00	0.0000e+00	0.0000e+00
2.6419e+00	7.1488e-01	-2.4086e-01	-2.6507e+00	0.0000e+00	0.0000e+00
2.8595e+00	7.1488e-01	-1.5075e-01	-2.5681e+00	0.0000e+00	0.0000e+00
3.0771e+00	7.1488e-01	-1.5055e-01	-2.6322e+00	0.0000e+00	0.0000e+00
3.2947e+00	7.1488e-01	-1.9874e-01	-2.5319e+00	0.0000e+00	0.0000e+00
3.5122e+00	7.1488e-01	-1.4845e-01	-2.5543e+00	0.0000e+00	0.0000e+00
3.7298e+00	7.1488e-01	-1.6161e-01	-2.5712e+00	0.0000e+00	0.0000e+00
3.9474e+00	7.1488e-01	-1.5836e-01	-2.5863e+00	0.0000e+00	0.0000e+00
4.1649e+00	7.1488e-01	-1.3435e-01	-2.5823e+00	0.0000e+00	0.0000e+00
4.3825e+00	7.1488e-01	-9.2298e-02	-2.5193e+00	0.0000e+00	0.0000e+00
4.6001e+00	7.1488e-01	-9.4320e-02	-2.4374e+00	0.0000e+00	0.0000e+00
4.8177e+00	7.1488e-01	-5.9480e-02	-2.5839e+00	1.0000e+00	0.0000e+00
5.0352e+00	7.1488e-01	-6.1998e-03	-2.4741e+00	0.0000e+00	0.0000e+00
2.4865e-01	4.9731e-01	8.6310e-01	-2.6835e+00	0.0000e+00	0.0000e+00
4.6622e-01	4.9731e-01	3.4001e-01	-2.8644e+00	0.0000e+00	0.0000e+00
6.8380e-01	4.9731e-01	3.9775e-01	-2.4713e+00	0.0000e+00	0.0000e+00
9.0137e-01	4.9731e-01	4.8283e-01	-2.5804e+00	0.0000e+00	0.0000e+00
1.1189e+00	4.9731e-01	2.5862e-01	-2.5689e+00	1.0000e+00	0.0000e+00
1.3365e+00	4.9731e-01	-5.8560e-02	-2.5700e+00	0.0000e+00	0.0000e+00
1.5541e+00	4.9731e-01	-4.0852e-02	-2.5107e+00	0.0000e+00	0.0000e+00
1.7717e+00	4.9731e-01	2.0874e-02	-2.3782e+00	0.0000e+00	0.0000e+00
1.9892e+00	4.9731e-01	2.9652e-02	-2.4369e+00	0.0000e+00	0.0000e+00
2.2068e+00	4.9731e-01	4.9092e-02	-2.5248e+00	1.0000e+00	0.0000e+00
2.4244e+00	4.9731e-01	-3.4262e-03	-2.5211e+00	1.0000e+00	0.0000e+00
2.6419e+00	4.9731e-01	7.1483e-02	-2.5151e+00	0.0000e+00	0.0000e+00
2.8595e+00	4.9731e-01	8.9164e-02	-2.5860e+00	0.0000e+00	0.0000e+00
3.0771e+00	4.9731e-01	-1.0011e-01	-2.5235e+00	0.0000e+00	0.0000e+00
3.2947e+00	4.9731e-01	-2.5278e-01	-2.4632e+00	0.0000e+00	0.0000e+00
3.5122e+00	4.9731e-01	-2.2520e-01	-2.5012e+00	0.0000e+00	0.0000e+00
3.7298e+00	4.9731e-01	-2.5863e-01	-2.6597e+00	0.0000e+00	0.0000e+00
3.9474e+00	4.9731e-01	-2.3864e-01	-2.6666e+00	0.0000e+00	0.0000e+00
4.1649e+00	4.9731e-01	-2.4249e-01	-2.6485e+00	0.0000e+00	0.0000e+00
4.3825e+00	4.9731e-01	-9.2103e-02	-2.5925e+00	1.0000e+00	0.0000e+00
4.6001e+00	4.9731e-01	4.0346e-02	-2.4263e+00	0.0000e+00	0.0000e+00
4.8177e+00	4.9731e-01	1.4859e-01	-2.4958e+00	0.0000e+00	0.0000e+00
5.0352e+00	4.9731e-01	2.9490e-01	-2.5983e+00	0.0000e+00	0.0000e+00
2.4865e-01	2.7973e-01	5.8933e-01	-2.7014e+00	0.0000e+00	0.0000e+00
4.6622e-01	2.7973e-01	4.3270e-01	-2.6244e+00	1.0000e+00	0.0000e+00
6.8380e-01	2.7973e-01	-2.9859e-02	-2.3889e+00	0.0000e+00	0.0000e+00
9.0137e-01	2.7973e-01	4.3118e-01	-2.7441e+00	0.0000e+00	0.0000e+00
1.1189e+00	2.7973e-01	2.0428e-01	-2.7467e+00	0.0000e+00	0.0000e+00
1.3365e+00	2.7973e-01	-1.1822e-02	-2.5727e+00	0.0000e+00	0.0000e+00
1.5541e+00	2.7973e-01	-4.2901e-02	-2.5557e+00	0.0000e+00	0.0000e+00
1.7717e+00	2.7973e-01	-5.7396e-02	-2.3604e+00	0.0000e+00	0.0000e+00
1.9892e+00	2.7973e-01	2.2279e-01	-2.2321e+00	0.0000e+00	0.0000e+00
2.2068e+00	2.7973e-01	3.2800e-01	-2.4776e+00	0.0000e+00	0.0000e+00
2.4244e+00	2.7973e-01	1.3440e-01	-2.4567e+00	0.0000e+00	0.0000e+00
2.6419e+00	2.7973e-01	2.6807e-02	-2.3918e+00	0.0000e+00	0.0000e+00
2.8595e+00	2.7973e-01	-2.7907e-02	-2.5470e+00	0.0000e+00	0.0000e+00
3.0771e+00	2.7973e-01	-1.6035e-01	-2.5453e+00	1.0000e+00	0.0000e+00
3.2947e+00	2.7973e-01	-3.3213e-01	-2.4660e+00	0.0000e+00	0.0000e+00
3.5122e+00	2.7973e-01	-1.6218e-01	-2.6316e+00	0.0000e+00	0.0000e+00
3.7298e+00	2.7973e-01	-2.2957e-01	-2.6101e+00	0.0000e+00	0.0000e+00
3.9474e+00	2.7973e-01	-1.4812e-01	-2.7051e+00	0.0000e+00	0.0000e+00
4.1649e+00	2.7973e-01	-1.3800e-01	-2.7510e+00	0.0000e+00	0.0000e+00
4.3825e+00	2.7973e-01	-4.2247e-02	-2.7032e+00	0.0000e+00	0.0000e+00
4.6001e+00	2.7973e-01	-1.1121e-02	-2.6356e+00	0.0000e+00	0.0000e+00
4.8177e+00	2.7973e-01	7.8688e-02	-2.6469e+00	0.0000e+00	0.0000e+00
5.0352e+00	2.7973e-01	-3.5076e-03	-2.5539e+00	1.0000e+00	0.0000e+00
